222.18	 1.000	 0.123
333.16	 1.000	 0.182
444.22	 1.000	 0.242
555.27	 1.000	 0.303	 0.069
666.33	 1.000	 0.363	 0.094
777.38	 1.000	 0.424	 0.122
888.43	 1.000	 0.484	 0.154
999.49	 1.000	 0.545	 0.190
1110.54	 1.000	 0.606	 0.229	 0.065
1221.60	 1.000	 0.666	 0.273	 0.083
1332.65	 1.000	 0.727	 0.319	 0.104
1443.71	 1.000	 0.787	 0.370	 0.128
1554.76	 1.000	 0.848	 0.424	 0.156
1665.81	 1.000	 0.908	 0.482	 0.187	 0.058
1776.87	 1.000	 0.969	 0.543	 0.223	 0.073
1887.92	 0.971	 1.000	 0.591	 0.255	 0.088
1998.98	 0.917	 1.000	 0.621	 0.281	 0.101
2110.03	 0.869	 1.000	 0.651	 0.308	 0.116
2221.09	 0.826	 1.000	 0.682	 0.336	 0.132
2332.14	 0.786	 1.000	 0.712	 0.366	 0.150	 0.051
2443.19	 0.751	 1.000	 0.742	 0.397	 0.169	 0.060
2554.25	 0.718	 1.000	 0.772	 0.429	 0.189	 0.070
2665.30	 0.688	 1.000	 0.803	 0.462	 0.211	 0.081
2776.36	 0.660	 1.000	 0.833	 0.497	 0.235	 0.093
2887.41	 0.635	 1.000	 0.863	 0.533	 0.260	 0.106
2998.47	 0.612	 1.000	 0.894	 0.570	 0.287	 0.121
3109.52	 0.590	 1.000	 0.924	 0.608	 0.316	 0.137	 0.052
3220.57	 0.569	 1.000	 0.954	 0.647	 0.347	 0.155	 0.060
3331.63	 0.550	 1.000	 0.984	 0.688	 0.379	 0.175	 0.069
3442.68	 0.525	 0.986	 1.000	 0.719	 0.408	 0.193	 0.079
3553.74	 0.494	 0.957	 1.000	 0.740	 0.431	 0.209	 0.088
3664.79	 0.465	 0.930	 1.000	 0.760	 0.455	 0.227	 0.098
3775.85	 0.439	 0.905	 1.000	 0.781	 0.479	 0.245	 0.108
3886.90	 0.415	 0.880	 1.000	 0.801	 0.504	 0.264	 0.119
3997.95	 0.393	 0.858	 1.000	 0.821	 0.530	 0.284	 0.131	 0.054
4109.01	 0.373	 0.836	 1.000	 0.842	 0.556	 0.305	 0.144	 0.060
4220.06	 0.354	 0.815	 1.000	 0.862	 0.582	 0.327	 0.158	 0.068
4331.12	 0.337	 0.796	 1.000	 0.882	 0.610	 0.350	 0.173	 0.075
4442.17	 0.321	 0.777	 1.000	 0.903	 0.638	 0.374	 0.189	 0.084
4553.23	 0.306	 0.759	 1.000	 0.923	 0.666	 0.399	 0.206	 0.094
4664.28	 0.292	 0.742	 1.000	 0.943	 0.696	 0.425	 0.224	 0.104
4775.34	 0.279	 0.726	 1.000	 0.964	 0.725	 0.453	 0.243	 0.115
4886.39	 0.266	 0.710	 1.000	 0.984	 0.756	 0.481	 0.263	 0.127	 0.055
4997.44	 0.254	 0.692	 0.996	 1.000	 0.784	 0.509	 0.284	 0.139	 0.061
5108.50	 0.239	 0.664	 0.976	 1.000	 0.799	 0.528	 0.300	 0.150	 0.067
5219.55	 0.224	 0.638	 0.957	 1.000	 0.814	 0.549	 0.318	 0.162	 0.074
5330.61	 0.211	 0.614	 0.939	 1.000	 0.830	 0.569	 0.335	 0.174	 0.081
5441.66	 0.199	 0.591	 0.921	 1.000	 0.845	 0.590	 0.354	 0.187	 0.088
5552.72	 0.188	 0.569	 0.904	 1.000	 0.860	 0.612	 0.373	 0.200	 0.096
5663.77	 0.177	 0.548	 0.888	 1.000	 0.876	 0.634	 0.393	 0.215	 0.105
5774.82	 0.168	 0.529	 0.872	 1.000	 0.891	 0.656	 0.414	 0.230	 0.114	 0.051
5885.88	 0.159	 0.510	 0.857	 1.000	 0.906	 0.678	 0.435	 0.245	 0.124	 0.057
5996.93	 0.151	 0.492	 0.843	 1.000	 0.922	 0.701	 0.457	 0.262	 0.134	 0.062
6107.99	 0.143	 0.476	 0.828	 1.000	 0.937	 0.724	 0.480	 0.279	 0.145	 0.069
6219.04	 0.136	 0.460	 0.815	 1.000	 0.952	 0.748	 0.503	 0.297	 0.157	 0.075
6330.10	 0.129	 0.445	 0.802	 1.000	 0.968	 0.772	 0.527	 0.316	 0.170	 0.083
6441.15	 0.123	 0.430	 0.789	 1.000	 0.983	 0.796	 0.552	 0.336	 0.183	 0.090
6552.20	 0.117	 0.417	 0.776	 1.000	 0.998	 0.821	 0.577	 0.357	 0.197	 0.099
6663.26	 0.110	 0.398	 0.754	 0.987	 1.000	 0.835	 0.596	 0.373	 0.209	 0.106
6774.31	 0.103	 0.380	 0.732	 0.972	 1.000	 0.847	 0.613	 0.390	 0.222	 0.114	 0.054
6885.37	 0.097	 0.364	 0.710	 0.958	 1.000	 0.859	 0.631	 0.407	 0.235	 0.123	 0.059
6996.42	 0.091	 0.348	 0.690	 0.944	 1.000	 0.871	 0.649	 0.424	 0.248	 0.131	 0.064
7107.48	 0.086	 0.333	 0.670	 0.931	 1.000	 0.884	 0.668	 0.442	 0.262	 0.141	 0.069
7218.53	 0.081	 0.318	 0.651	 0.918	 1.000	 0.896	 0.686	 0.461	 0.276	 0.150	 0.075
7329.58	 0.076	 0.305	 0.633	 0.905	 1.000	 0.908	 0.705	 0.480	 0.292	 0.161	 0.081
7440.64	 0.072	 0.292	 0.616	 0.893	 1.000	 0.921	 0.724	 0.499	 0.307	 0.171	 0.088
7551.69	 0.068	 0.281	 0.599	 0.881	 1.000	 0.933	 0.743	 0.519	 0.324	 0.183	 0.095
7662.75	 0.064	 0.269	 0.583	 0.869	 1.000	 0.945	 0.763	 0.539	 0.341	 0.195	 0.102
7773.80	 0.061	 0.259	 0.568	 0.858	 1.000	 0.957	 0.782	 0.560	 0.358	 0.207	 0.110	 0.054
7884.86	 0.058	 0.248	 0.553	 0.847	 1.000	 0.970	 0.802	 0.582	 0.376	 0.221	 0.118	 0.059
7995.91	 0.055	 0.239	 0.539	 0.836	 1.000	 0.982	 0.823	 0.604	 0.395	 0.235	 0.127	 0.064
8106.96	 0.052	 0.230	 0.525	 0.825	 1.000	 0.994	 0.843	 0.626	 0.415	 0.249	 0.137	 0.070
8218.02	 0.220	 0.509	 0.810	 0.994	 1.000	 0.858	 0.645	 0.433	 0.263	 0.146	 0.075
8329.07	 0.209	 0.490	 0.790	 0.982	 1.000	 0.869	 0.660	 0.448	 0.275	 0.155	 0.080
8440.13	 0.199	 0.473	 0.771	 0.970	 1.000	 0.879	 0.676	 0.464	 0.288	 0.164	 0.086
8551.18	 0.189	 0.456	 0.753	 0.959	 1.000	 0.889	 0.692	 0.480	 0.302	 0.173	 0.092
8662.24	 0.180	 0.440	 0.736	 0.947	 1.000	 0.899	 0.708	 0.497	 0.316	 0.183	 0.098
8773.29	 0.172	 0.425	 0.719	 0.937	 1.000	 0.910	 0.724	 0.514	 0.330	 0.194	 0.105	 0.053
8884.34	 0.164	 0.410	 0.702	 0.926	 1.000	 0.920	 0.740	 0.531	 0.345	 0.205	 0.112	 0.057
8995.40	 0.157	 0.396	 0.687	 0.916	 1.000	 0.930	 0.757	 0.549	 0.360	 0.216	 0.120	 0.062
9106.45	 0.150	 0.383	 0.671	 0.905	 1.000	 0.940	 0.773	 0.567	 0.376	 0.228	 0.128	 0.067
9217.51	 0.143	 0.370	 0.657	 0.896	 1.000	 0.951	 0.790	 0.585	 0.392	 0.240	 0.136	 0.072
9328.56	 0.137	 0.358	 0.642	 0.886	 1.000	 0.961	 0.807	 0.604	 0.409	 0.253	 0.145	 0.077
9439.62	 0.131	 0.346	 0.628	 0.876	 1.000	 0.971	 0.824	 0.623	 0.426	 0.267	 0.154	 0.083
9550.67	 0.125	 0.335	 0.615	 0.867	 1.000	 0.981	 0.842	 0.643	 0.444	 0.281	 0.164	 0.089
9661.72	 0.120	 0.325	 0.602	 0.858	 1.000	 0.992	 0.859	 0.663	 0.463	 0.295	 0.174	 0.095
9772.78	 0.115	 0.314	 0.589	 0.848	 0.998	 1.000	 0.875	 0.682	 0.481	 0.310	 0.184	 0.102	 0.053
9883.83	 0.109	 0.301	 0.571	 0.830	 0.988	 1.000	 0.884	 0.696	 0.495	 0.322	 0.194	 0.108	 0.056
9994.89	 0.103	 0.289	 0.553	 0.814	 0.978	 1.000	 0.893	 0.710	 0.510	 0.335	 0.203	 0.114	 0.060
